major minor  #blocks  name

   1        0       8192 ram0
   1        1       8192 ram1
   1        2       8192 ram2
   1        3       8192 ram3
   1        4       8192 ram4
   1        5       8192 ram5
   1        6       8192 ram6
   1        7       8192 ram7
   1        8       8192 ram8
   1        9       8192 ram9
   1       10       8192 ram10
   1       11       8192 ram11
   1       12       8192 ram12
   1       13       8192 ram13
   1       14       8192 ram14
   1       15       8192 ram15
   7        0        836 loop0
   7        8      39760 loop1
   7       16      12372 loop2
   7       24       1104 loop3
   7       32       1132 loop4
   7       40      10676 loop5
   7       48       8328 loop6
   7       56        836 loop7
   7       64       4152 loop8
   7       72       9792 loop9
   7       80        268 loop10
   7       88       1924 loop11
   7       96        828 loop12
   7      104      11100 loop13
   7      112       3528 loop14
   7      120      30472 loop15
 254        0    2097152 zram0
   8        0   60252160 sda
   8        1          8 sda1
   8        2      32768 sda2
   8        3       1024 sda3
   8        4        512 sda4
   8        5        512 sda5
   8        6      32768 sda6
   8        7     262144 sda7
   8        8      65536 sda8
   8        9    6291456 sda9
   8       10         64 sda10
   8       11         64 sda11
   8       12     131072 sda12
   8       13     131072 sda13
   8       14      16384 sda14
   8       15     131072 sda15
 259        0   53155660 sda16
   8       16       8192 sdb
   8       17       6144 sdb1
   8       18        512 sdb2
   8       32       8192 sdc
   8       33       6144 sdc1
   8       34        512 sdc2
   8       48       8192 sdd
   8       49        104 sdd1
   8       50        128 sdd2
   8       51       1024 sdd3
   8       52       1024 sdd4
   8       53       1024 sdd5
   8       54        128 sdd6
   8       55         16 sdd7
   8       64     512000 sde
   8       65        104 sde1
   8       66      20480 sde2
   8       67      20480 sde3
   8       68      20480 sde4
   8       69       1024 sde5
   8       70       3072 sde6
   8       71       3072 sde7
   8       72       8192 sde8
   8       73     131072 sde9
   8       74      65536 sde10
   8       75      32768 sde11
   8       76      65536 sde12
   8       77       3072 sde13
   8       78        128 sde14
   8       80    1683456 sdf
   8       81        512 sdf1
   8       82       4096 sdf2
   8       83        512 sdf3
   8       84     225280 sdf4
   8       85       1024 sdf5
   8       86       8192 sdf6
   8       87      32768 sdf7
   8       88        512 sdf8
   8       89      98304 sdf9
   8       90        128 sdf10
   8       91         64 sdf11
   8       92         64 sdf12
   8       93      24576 sdf13
   8       94       2048 sdf14
   8       95     174080 sdf15
 259        1       2048 sdf16
 259        2        128 sdf17
 259        3        128 sdf18
 259        4      98304 sdf19
 259        5      16384 sdf20
 259        6        512 sdf21
 259        7       4096 sdf22
 259        8        512 sdf23
 259        9     225280 sdf24
 259       10       1024 sdf25
 259       11       8192 sdf26
 259       12      32768 sdf27
 259       13        512 sdf28
 259       14      98304 sdf29
 259       15        128 sdf30
 259       16         64 sdf31
 259       17         64 sdf32
 259       18      24576 sdf33
 259       19       2048 sdf34
 259       20       2048 sdf35
 259       21     174080 sdf36
 259       22      98304 sdf37
 259       23      16384 sdf38
 259       24          4 sdf39
 259       25        256 sdf40
 259       26       8192 sdf41
 259       27       2048 sdf42
 259       28      65536 sdf43
 259       29        128 sdf44
 259       30         32 sdf45
 259       31         32 sdf46
 259       32        512 sdf47
 259       33         28 sdf48
 259       34        512 sdf49
 259       35       1024 sdf50
 259       36        128 sdf51
 259       37       4096 sdf52
 259       38      16192 sdf53
 259       39      16192 sdf54
 259       40      16192 sdf55
 253        0     321156 dm-0
 253        1    2475016 dm-1
 253        2    1122456 dm-2
 253        3     554268 dm-3
 253        4     277752 dm-4
 253        5       8972 dm-5
 253        6    6291456 dm-6
   7      128      15524 loop16
   7      136       1368 loop17
   7      144       3352 loop18
   7      152       7352 loop19
   7      160      32320 loop20
   7      168      25148 loop21
   7      176        556 loop22
   7      184       7052 loop23
   7      192       5500 loop24
   7      200      14148 loop25
   7      208      39760 loop26
   7      216      12372 loop27
   7      224       5008 loop28
   7      232        268 loop29
   7      240       1104 loop30
   7      248      22784 loop31
   7      256      28724 loop32
   7      264      23588 loop33
   7      272       5884 loop34
   7      280      20188 loop35
   7      288       7620 loop36
   7      296        384 loop37
   7      304      27308 loop38
   7      312      42648 loop39
 253        8      10580 dm-8
 253        9      20016 dm-9
 253       10       8248 dm-10
 253       11        372 dm-11
 253       12      27084 dm-12
 253       13       7548 dm-13
 253       15       9704 dm-15
 253       16       4104 dm-16
 253       17       1896 dm-17
 253       19        808 dm-19
 253       20      11000 dm-20
 253       21       3488 dm-21
 253       22      30220 dm-22
 253       26       7280 dm-26
 253       27      32056 dm-27
 253       28      24940 dm-28
 253       29        536 dm-29
 253       30       6984 dm-30
 253       31       5444 dm-31
 253       32      14024 dm-32
 253       35       4956 dm-35
 253       36        256 dm-36
 253       38      22592 dm-38
 253       40      23392 dm-40
 253       41      28488 dm-41
 253       42      42304 dm-42
 253       43   53155660 dm-43
